20 20
0 1
0 2
0 4
0 5
0 6
0 9
0 12
0 13
0 18
1 5
1 6
1 7
1 9
1 10
1 12
1 15
1 17
1 18
2 0
2 1
2 2
2 3
2 5
2 9
2 10
2 11
2 13
2 14
2 16
3 1
3 2
3 4
3 5
3 6
3 7
3 9
3 15
3 17
3 18
3 19
4 3
4 4
4 5
4 7
4 8
4 10
4 17
4 18
4 19
5 1
5 6
5 8
5 13
5 19
6 0
6 1
6 3
6 4
6 5
6 11
6 13
6 14
6 15
6 16
6 19
7 2
7 3
7 4
7 7
7 11
7 13
7 14
7 17
7 18
7 19
8 2
8 3
8 7
8 9
8 13
8 14
8 19
9 0
9 1
9 4
9 5
9 7
9 16
9 17
9 18
9 19
10 0
10 2
10 3
10 5
10 6
10 14
11 1
11 2
11 3
11 4
11 5
11 6
11 10
11 11
11 12
11 13
11 16
11 17
11 18
11 19
12 6
12 7
12 9
12 10
12 12
12 14
12 16
12 19
13 0
13 2
13 3
13 4
13 11
13 13
13 19
14 0
14 4
14 6
14 10
14 14
14 17
14 18
15 1
15 3
15 4
15 6
15 8
15 11
15 12
15 13
15 16
15 18
15 19
16 0
16 1
16 2
16 3
16 6
16 8
16 9
16 14
16 16
16 17
16 18
17 2
17 4
17 6
17 10
17 11
17 12
17 13
17 15
17 16
17 17
17 18
18 1
18 4
18 5
18 6
18 7
18 8
18 9
18 10
18 11
18 13
18 14
18 17
18 18
19 0
19 1
19 3
19 5
19 6
19 10
19 16
19 17
19 18
19 19
