55 110
0 39
0 40
0 49
0 50
0 51
0 70
0 71
0 99
1 39
1 40
1 48
1 49
1 70
1 98
1 99
2 38
2 39
2 41
2 46
2 47
2 69
2 98
2 99
3 38
3 39
3 41
3 44
3 45
3 46
3 69
3 98
3 99
4 38
4 41
4 44
4 69
4 98
5 38
5 41
5 43
5 69
5 98
6 38
6 41
6 42
6 43
6 69
6 98
7 38
7 41
7 42
7 68
7 97
7 98
8 38
8 40
8 41
8 68
8 97
8 98
9 38
9 40
9 41
9 68
9 97
9 98
10 38
10 39
10 41
10 68
10 97
11 38
11 39
11 41
11 42
11 67
11 68
11 97
12 0
12 1
12 2
12 3
12 4
12 38
12 41
12 42
12 59
12 60
12 61
12 62
12 63
12 64
12 65
12 66
12 67
12 68
12 97
13 5
13 6
13 7
13 8
13 37
13 38
13 41
13 42
13 57
13 58
13 59
13 67
13 68
13 69
13 70
13 71
13 97
14 9
14 10
14 36
14 37
14 38
14 42
14 57
14 67
14 71
14 72
14 73
14 74
14 97
15 11
15 12
15 13
15 14
15 35
15 36
15 38
15 42
15 56
15 57
15 67
15 74
15 75
15 96
15 97
16 13
16 14
16 15
16 16
16 17
16 18
16 35
16 38
16 42
16 56
16 57
16 67
16 75
16 76
16 96
16 97
17 17
17 19
17 20
17 21
17 22
17 23
17 34
17 35
17 38
17 42
17 56
17 66
17 76
17 96
17 97
18 22
18 23
18 24
18 25
18 26
18 27
18 33
18 38
18 42
18 56
18 66
18 76
18 96
18 97
19 28
19 29
19 30
19 31
19 32
19 38
19 39
19 42
19 56
19 66
19 76
19 96
19 97
20 31
20 32
20 33
20 34
20 35
20 36
20 38
20 39
20 42
20 56
20 66
20 76
20 95
20 97
21 29
21 30
21 37
21 38
21 39
21 40
21 41
21 42
21 56
21 66
21 76
21 95
21 97
21 104
21 105
21 106
21 107
21 108
21 109
22 29
22 38
22 39
22 41
22 42
22 43
22 44
22 56
22 66
22 76
22 95
22 97
22 102
22 103
22 104
22 105
22 106
22 109
23 27
23 28
23 38
23 39
23 42
23 45
23 46
23 47
23 48
23 49
23 50
23 56
23 65
23 77
23 95
23 97
23 98
23 99
23 100
23 101
24 26
24 27
24 38
24 42
24 50
24 51
24 52
24 53
24 54
24 55
24 56
24 57
24 58
24 59
24 60
24 61
24 62
24 65
24 77
24 95
25 25
25 26
25 37
25 38
25 39
25 41
25 42
25 56
25 57
25 62
25 63
25 64
25 65
25 66
25 67
25 68
25 77
25 95
26 25
26 37
26 38
26 39
26 40
26 41
26 56
26 57
26 65
26 68
26 69
26 70
26 71
26 72
26 73
26 74
26 75
26 76
26 77
26 78
26 79
26 94
27 23
27 24
27 37
27 38
27 39
27 56
27 57
27 58
27 65
27 77
27 80
27 81
27 82
27 83
27 84
27 94
28 23
28 24
28 37
28 38
28 39
28 57
28 58
28 65
28 77
28 81
28 82
28 83
28 84
28 85
28 86
28 87
28 94
29 22
29 37
29 38
29 39
29 58
29 59
29 65
29 77
29 88
29 89
29 90
29 91
29 92
29 93
29 94
30 22
30 37
30 38
30 39
30 59
30 65
30 77
30 93
30 94
30 95
30 96
31 21
31 37
31 38
31 59
31 65
31 77
31 94
31 96
31 97
31 98
31 99
31 100
31 101
31 102
32 20
32 37
32 38
32 59
32 60
32 65
32 77
32 93
32 102
32 103
32 104
32 105
32 106
33 20
33 37
33 38
33 60
33 65
33 76
33 93
33 104
33 105
33 106
33 107
33 108
33 109
34 19
34 36
34 37
34 38
34 60
34 65
34 76
34 93
34 108
34 109
35 18
35 36
35 37
35 38
35 60
35 61
35 65
35 76
35 93
36 17
36 36
36 37
36 61
36 62
36 65
36 75
36 93
37 16
37 17
37 36
37 37
37 62
37 65
37 74
37 75
37 92
37 93
38 15
38 16
38 36
38 37
38 63
38 64
38 65
38 73
38 74
38 92
39 15
39 16
39 36
39 37
39 64
39 65
39 66
39 67
39 72
39 73
39 92
40 14
40 15
40 36
40 37
40 65
40 66
40 67
40 68
40 69
40 70
40 71
40 72
40 92
41 14
41 36
41 37
41 92
42 13
42 36
42 37
42 92
43 12
43 36
43 37
43 91
44 12
44 36
44 37
44 91
45 11
45 36
45 37
45 91
46 11
46 36
46 37
46 91
47 10
47 36
47 37
47 90
48 10
48 36
48 37
48 90
49 9
49 10
49 36
49 37
49 89
49 90
50 8
50 9
50 36
50 37
50 90
51 8
51 9
51 36
51 37
51 89
51 90
52 7
52 8
52 36
52 37
52 89
52 90
53 6
53 7
53 36
53 37
53 89
54 6
54 7
54 36
54 37
54 89
