20 20
0 2
0 17
1 2
1 6
1 7
1 8
1 9
1 10
1 11
1 12
1 13
1 14
1 15
1 17
2 2
2 5
2 14
2 17
3 2
3 5
3 6
3 9
3 11
3 12
3 13
3 17
4 2
4 6
4 7
4 8
4 9
4 12
4 17
5 2
5 6
5 7
5 8
5 9
5 12
5 17
6 2
6 5
6 6
6 9
6 11
6 12
6 13
6 17
7 2
7 5
7 14
7 17
8 2
8 6
8 7
8 8
8 9
8 10
8 11
8 12
8 13
8 14
8 15
8 17
9 2
9 17
10 2
10 17
11 2
11 6
11 7
11 8
11 13
11 14
11 17
12 2
12 5
12 9
12 12
12 15
12 17
13 2
13 6
13 8
13 10
13 11
13 14
13 17
14 2
14 5
14 12
14 14
14 17
15 2
15 5
15 12
15 14
15 17
16 2
16 6
16 8
16 10
16 11
16 14
16 17
17 2
17 5
17 9
17 12
17 15
17 17
18 2
18 6
18 7
18 8
18 13
18 14
18 17
19 2
19 17
